%YAML:1.0
---
myHogDector: !!opencv-object-detector-hog
   winSize: [ 64, 128 ]
   blockSize: [ 16, 16 ]
   blockStride: [ 8, 8 ]
   cellSize: [ 8, 8 ]
   nbins: 9
   derivAperture: 1
   winSigma: 4.
   histogramNormType: 0
   L2HysThreshold: 2.0000000000000001e-01
   gammaCorrection: 1
   nlevels: 64
   signedGradient: 0
   SVMDetector: [ 1.26253888e-02, -2.90454943e-02, -3.03745475e-02,
       2.33231653e-02, 1.74057167e-02, -1.19251637e-02, -6.75348332e-03,
       -1.72579903e-02, 1.94203388e-02, 1.41040720e-02, -2.58676019e-02,
       2.87622190e-03, 7.07280496e-03, 1.26099195e-02, 2.30859388e-02,
       -1.64083075e-02, 8.42187647e-03, 9.84846894e-03, 2.12734789e-02,
       -6.51788199e-03, -1.90860406e-02, 3.22529972e-02, -4.12815571e-04,
       4.00809105e-03, -2.75443383e-02, -1.84109341e-02, 7.83524755e-03,
       1.22104967e-02, 1.03697013e-02, -3.24879005e-03, 2.27658302e-02,
       -2.21105013e-02, 4.11624238e-02, 1.16335405e-02, 2.13345196e-02,
       -1.66625846e-02, -1.13142598e-02, -1.70875639e-02, 2.18905639e-02,
       8.41621868e-03, 8.26509669e-03, 1.80061050e-02, -2.05654278e-02,
       7.57434079e-03, 2.18345374e-02, 5.56535227e-03, 2.85138423e-03,
       1.04881013e-02, 1.28506757e-02, -1.19980844e-03, 1.30987000e-02,
       -1.05578918e-02, 3.11769117e-02, 1.20964944e-02, 1.26346911e-03,
       1.03501724e-02, 9.36751161e-03, 1.18714254e-02, -1.44142555e-02,
       1.61724873e-02, -1.10144587e-02, 2.27493071e-03, -3.17973383e-02,
       2.71479823e-02, 2.37998944e-02, -1.62030216e-02, 2.30073035e-02,
       -8.53176694e-03, -4.42180876e-03, -1.74186286e-02,
       -1.30333065e-03, 6.47496898e-03, -9.00406204e-03, 1.94534101e-02,
       2.05105972e-02, -1.88690575e-03, -2.50442158e-02, 1.80030782e-02,
       1.15203802e-02, 2.05078367e-02, -1.36025855e-02, 6.98364852e-03,
       2.06587110e-02, 9.74419713e-03, -1.09929619e-02, -3.48676997e-03,
       3.14583071e-02, 2.35267319e-02, 1.62140578e-02, 2.33086701e-02,
       8.28015711e-03, 2.76381872e-03, -2.66317721e-03, 1.20906802e-02,
       -5.12343347e-02, -2.09820587e-02, 1.09437630e-02, -3.03031621e-03,
       9.11158137e-03, 1.38508165e-02, 1.25973057e-02, -7.93778338e-03,
       -1.50360567e-02, -4.05977182e-02, 1.85480341e-02, 2.01820303e-03,
       8.83543771e-03, 1.66074075e-02, 9.54135507e-03, 1.90996192e-02,
       -4.13212553e-03, -4.05252203e-02, -6.71924278e-03, 4.50892607e-03,
       3.35841905e-03, -1.88876055e-02, -2.77246442e-03, -2.61765923e-02,
       5.36659313e-03, -2.55393144e-02, -2.79643461e-02, -2.11024825e-02,
       1.71153191e-02, -3.00975423e-03, -1.82475466e-02, -4.79789637e-03,
       9.50620975e-03, 6.59814570e-03, 4.84387111e-03, 8.14666227e-03,
       -2.18752343e-02, -2.67715380e-03, -1.96068734e-02, 1.21160783e-02,
       -8.96543916e-03, -2.11607851e-02, -7.29615742e-04,
       -3.29584093e-03, 1.18915818e-03, -1.23143047e-02, -1.33591220e-02,
       -1.14540542e-02, 1.34285344e-02, -3.67452251e-03, -2.23003738e-02,
       2.46806219e-02, -2.17708834e-02, -1.09652830e-02, 1.97708309e-02,
       -1.93151191e-03, -2.94617307e-03, 2.80928258e-02, 3.92978266e-03,
       -2.08118297e-02, -2.77188830e-02, -4.77393940e-02,
       -2.48777457e-02, 1.89491489e-03, -4.74575944e-02, -4.96744644e-03,
       3.04271244e-02, -2.05807295e-03, 8.54898989e-03, 3.76979150e-02,
       3.57595203e-03, 7.38644181e-03, -1.52782211e-03, 1.41248386e-02,
       2.21020877e-02, 3.37342843e-02, -4.89914019e-05, -1.99848730e-02,
       -8.20407737e-03, -2.10580342e-02, -1.36289210e-03, 4.49477369e-03,
       3.70321679e-03, 1.33092673e-02, 8.93804338e-03, -1.11076348e-02,
       -2.24659573e-02, -2.15661284e-02, -2.94509158e-02,
       -6.00813003e-03, -2.18634959e-03, -3.27696800e-02, 2.28455057e-03,
       3.26361172e-02, -5.30129205e-03, -7.86986668e-04, -2.01500114e-02,
       -2.62359679e-02, -1.96425188e-02, -8.86720233e-03,
       -4.51439321e-02, -5.62877534e-03, 3.37114348e-03, -1.76801148e-03,
       5.44950273e-03, 5.91326877e-03, -1.00825662e-02, 2.98118405e-02,
       1.37809142e-02, 2.55458616e-02, -6.67638099e-03, 1.82378348e-02,
       -2.87520178e-02, -5.12483530e-03, 4.02660333e-02, -6.57791039e-03,
       5.89635274e-05, -1.02516785e-02, -1.48066869e-02, -3.43900989e-04,
       -3.28142801e-03, -1.05184363e-02, 1.30046504e-02, 2.87681725e-03,
       -2.90210713e-02, 8.83679604e-04, -1.41838770e-02, -4.45769541e-02,
       -1.35261957e-02, 7.37883430e-03, 4.29037735e-02, -2.74870154e-02,
       -3.28704230e-02, -4.03999127e-02, -1.24980425e-02,
       -8.47633928e-03, -2.41640713e-02, -2.99319495e-02, 5.81936864e-03,
       -1.43168736e-02, 1.54539924e-02, 1.48713319e-02, 4.75869048e-03,
       5.07961996e-02, 8.95960815e-03, 3.04226903e-03, -2.16561649e-03,
       1.37280645e-02, 1.42273372e-02, -3.39254923e-02, -3.17663178e-02,
       -2.70122774e-02, -2.12290417e-02, 5.75044053e-03, -5.76018915e-03,
       -3.35332640e-02, -1.39626935e-02, -8.63072090e-03,
       -5.72868343e-03, -1.61745939e-02, -8.35793652e-03, 1.76195335e-02,
       8.89645162e-05, 1.36175556e-02, -1.37523124e-02, 1.90829933e-02,
       -1.87180210e-02, -5.09227626e-03, -1.24501279e-02,
       -4.08110488e-03, -2.72722449e-02, -2.65105180e-02,
       -8.67100246e-03, -3.87625694e-02, 1.89655423e-02, -2.20625941e-02,
       1.47269741e-02, 1.98466741e-02, -6.29401300e-03, 1.53955631e-02,
       5.75312180e-03, 1.34396255e-02, -9.51093715e-03, 2.05669235e-02,
       2.93844868e-03, -8.05041380e-03, 8.09935294e-03, -1.85615961e-02,
       -6.97353110e-03, 2.72926874e-03, -4.61649057e-03, -1.31510887e-02,
       1.81154571e-02, -1.09311054e-03, 3.05513851e-04, -1.37803506e-03,
       1.27154775e-02, 1.07430862e-02, -2.58025294e-03, -3.43277631e-03,
       -4.29365858e-02, 1.85153875e-02, 2.26148609e-02, -6.58833748e-03,
       5.35347732e-04, -2.48693004e-02, 1.74496789e-02, -3.34505178e-03,
       -7.82656856e-03, -4.00244258e-02, -6.41716970e-03,
       -2.40644030e-02, 9.03689535e-04, -4.14516730e-03, 3.01369978e-03,
       -2.53662318e-02, -2.11987775e-02, 1.53789455e-02, -1.64621659e-02,
       3.92759591e-02, 1.53540326e-02, -3.20116431e-02, 6.56579668e-03,
       -5.65486588e-03, -1.20041445e-02, -1.78965423e-02,
       -5.99699561e-04, -6.71277801e-03, 2.28178222e-02, -4.63938825e-02,
       2.17121467e-03, -7.87183084e-03, -1.36691639e-02, 1.33377118e-02,
       -1.83471668e-04, 3.93580599e-03, -6.51740190e-03, -6.36492716e-03,
       3.33173461e-02, 6.08626800e-03, -1.37068303e-02, -4.71997820e-02,
       -5.07442653e-03, 1.66389607e-02, -7.29863299e-03, -9.50333755e-03,
       -1.17392642e-02, 8.60307273e-03, -9.33299493e-03, 9.86826979e-03,
       1.09927487e-02, 2.74520144e-02, 1.91125106e-02, 1.44807389e-02,
       1.10574560e-02, 2.80844755e-02, -3.39268520e-02, -1.81462456e-04,
       1.92262083e-02, -2.00726129e-02, 1.80117153e-02, -1.34472372e-02,
       -1.46979932e-02, -1.14777843e-02, -5.45118144e-03,
       -1.75928287e-02, 1.24506680e-02, -9.32169240e-03, -4.96282503e-02,
       2.16408316e-02, 2.65131127e-02, -2.76316190e-03, -1.81004386e-02,
       -5.79869468e-03, 1.06635932e-02, -1.13215148e-02, -3.47733274e-02,
       -1.98565964e-02, 1.07880468e-02, -1.84669141e-02, -1.22306747e-02,
       -3.72630060e-02, 1.94591226e-03, 4.49690782e-03, 2.84405705e-02,
       2.10254937e-02, -4.83814720e-03, 3.17955986e-02, 2.77357474e-02,
       8.63222592e-03, 2.45261617e-04, 9.78653319e-03, -1.98863931e-02,
       1.40312668e-02, 3.15444847e-03, 1.32519444e-02, 3.26800235e-02,
       -6.57896418e-03, -4.55945701e-04, -9.09459870e-03, 5.75565267e-03,
       -2.28504930e-03, -2.92030182e-02, -3.68963322e-03, 9.38621641e-04,
       -6.50947634e-03, -1.47925420e-02, -1.51249953e-02,
       -2.48808600e-02, 5.10065490e-03, 3.15417536e-04, -2.95699742e-02,
       5.61259408e-03, -3.95630039e-02, -1.73763521e-02, -3.37679964e-03,
       -5.11030143e-04, -4.14643399e-02, -1.63639244e-02,
       -1.60139352e-02, 2.32545640e-02, 1.97030720e-03, -7.64551898e-03,
